Listening to port 4567
Connected!!!
x_ = 0.779913
0.722413
 6.65259
 1.97674
P_ =   0.0188397   0.0342893  0.00441314 -0.00217457
  0.0342893   0.0641216 -0.00217459  0.00154144
 0.00441314 -0.00217459     221.662    -119.214
-0.00217457  0.00154144    -119.214     64.2309
x_ =    1.19545
  0.535063
   10.3167
-0.0105177
P_ =   0.0208892 -0.00171888    0.338288   -0.181386
-0.00171888   0.0186193   -0.181386   0.0987523
   0.338288   -0.181386     6.90495    -3.65473
  -0.181386   0.0987523    -3.65473     2.07857
x_ =  1.00713
0.530774
 4.56094
 2.62547
P_ =   0.0036839  0.00129234   0.0140085   -0.019826
 0.00129234   0.0031366 -0.00425013  0.00132007
  0.0140085 -0.00425013    0.122636  -0.0983199
  -0.019826  0.00132007  -0.0983199    0.222904
x_ =  1.31582
0.654602
 4.88119
 2.23999
P_ =   0.00435774 -0.000108324     0.016649   -0.0198873
-0.000108324   0.00327948  -0.00773045    0.0110098
    0.016649  -0.00773045     0.126667   -0.0755359
  -0.0198873    0.0110098   -0.0755359      0.21716
x_ =  1.68534
0.612148
 5.49683
 1.34451
P_ =  0.00373663 0.000361841  0.00941961  -0.0121432
0.000361841  0.00181633 -0.00289736  0.00337866
 0.00941961 -0.00289736   0.0647183  -0.0339515
 -0.0121432  0.00337866  -0.0339515    0.117475
x_ =  2.00118
0.672781
 5.61198
 1.21859
P_ =   0.00398684 -0.000352334    0.0108039   -0.0112346
-0.000352334   0.00221242  -0.00393613   0.00863309
   0.0108039  -0.00393613    0.0800675   -0.0255885
  -0.0112346   0.00863309   -0.0255885     0.129298
x_ = 2.25781
0.68814
5.37082
0.93778
P_ =   0.00381563 -0.000325811   0.00776957   -0.0088682
-0.000325811   0.00196873  -0.00312113   0.00781309
  0.00776957  -0.00312113    0.0533133   -0.0233346
  -0.0088682   0.00781309   -0.0233346     0.106412
x_ =  2.55083
0.722811
 5.43269
0.856612
P_ =   0.00388926 -0.000717026   0.00896006  -0.00786386
-0.000717026   0.00264286  -0.00343373    0.0117676
  0.00896006  -0.00343373    0.0707793   -0.0172483
 -0.00786386    0.0117676   -0.0172483     0.118242
x_ =  2.83917
0.713263
 5.39844
0.589292
P_ =   0.00377684 -0.000614429   0.00677091  -0.00621763
-0.000614429     0.002575  -0.00319992    0.0108089
  0.00677091  -0.00319992    0.0499258   -0.0196266
 -0.00621763    0.0108089   -0.0196266     0.103583
x_ =  3.09659
0.730638
 5.37897
 0.54744
P_ =   0.00378059 -0.000803468   0.00802874  -0.00539833
-0.000803468   0.00331036  -0.00321506    0.0138585
  0.00802874  -0.00321506    0.0683208   -0.0146928
 -0.00539833    0.0138585   -0.0146928     0.114162
x_ =  3.40177
0.660921
  5.4147
0.135237
P_ =   0.00374222 -0.000699617   0.00615953  -0.00447986
-0.000699617   0.00331937  -0.00317308    0.0131022
  0.00615953  -0.00317308    0.0483244   -0.0176434
 -0.00447986    0.0131022   -0.0176434     0.106221
x_ =   3.72121
 0.596854
  5.53611
-0.146268
P_ =   0.00371295 -0.000772048   0.00749111  -0.00382606
-0.000772048    0.0039982  -0.00302108    0.0154198
  0.00749111  -0.00302108    0.0672374   -0.0133103
 -0.00382606    0.0154198   -0.0133103     0.114805
x_ =    3.99915
  0.610568
   5.52089
-0.0705458
P_ =   0.00371596 -0.000672455   0.00562602  -0.00320368
-0.000672455   0.00414189  -0.00253243    0.0153566
  0.00562602  -0.00253243    0.0460864   -0.0131663
 -0.00320368    0.0153566   -0.0131663     0.113033
x_ =    4.28159
  0.600099
   5.53443
-0.0959566
P_ =  0.00366158 -0.00065642  0.00701766 -0.00260419
-0.00065642  0.00469788 -0.00227676   0.0169543
 0.00701766 -0.00227676   0.0656147 -0.00977906
-0.00260419   0.0169543 -0.00977906    0.118832
x_ =     4.5366
  0.614889
    5.3546
-0.0429261
P_ =   0.00370147 -0.000604729   0.00539403  -0.00240384
-0.000604729    0.0049293  -0.00227645    0.0172001
  0.00539403  -0.00227645    0.0454519   -0.0117283
 -0.00240384    0.0172001   -0.0117283     0.118945
x_ =  4.72398
0.691396
 5.19191
0.225536
P_ =   0.00364033 -0.000555703   0.00682701  -0.00192087
-0.000555703   0.00529974   -0.0019853    0.0180513
  0.00682701   -0.0019853    0.0652024  -0.00872895
 -0.00192087    0.0180513  -0.00872895     0.122168
x_ =  4.97626
0.683045
 5.04728
0.143948
P_ =   0.00370273 -0.000565117   0.00535963  -0.00211897
-0.000565117   0.00556512  -0.00253328      0.01844
  0.00535963  -0.00253328    0.0457411   -0.0129697
 -0.00211897      0.01844   -0.0129697     0.123079
x_ =   5.27657
 0.672844
  5.13919
0.0866205
P_ =  0.00364125 -0.00051787  0.00680744 -0.00174058
-0.00051787  0.00573966 -0.00218116   0.0186754
 0.00680744 -0.00218116    0.065449 -0.00969374
-0.00174058   0.0186754 -0.00969374    0.124485
x_ =  5.53855
0.678785
 5.27268
0.104657
P_ =   0.00370824 -0.000545291   0.00531286  -0.00199069
-0.000545291   0.00616084  -0.00248718    0.0197261
  0.00531286  -0.00248718    0.0455076     -0.01241
 -0.00199069    0.0197261     -0.01241     0.128152
x_ =  5.83724
0.685971
 5.33648
0.110087
P_ =   0.00364292 -0.000487267   0.00676378  -0.00161028
-0.000487267   0.00613983  -0.00208314    0.0193548
  0.00676378  -0.00208314    0.0652697  -0.00915337
 -0.00161028    0.0193548  -0.00915337     0.127501
x_ =   6.07886
  0.62729
  5.14046
-0.105679
P_ =  0.00371552 -0.00054452  0.00528925 -0.00196015
-0.00054452  0.00672317 -0.00247089   0.0209774
 0.00528925 -0.00247089   0.0453445   -0.012047
-0.00196015   0.0209774   -0.012047    0.133003
x_ =  6.33007
0.716307
 5.11317
0.184236
P_ =   0.00364655 -0.000474017    0.0067384   -0.0015533
-0.000474017   0.00650165  -0.00201414    0.0199902
   0.0067384  -0.00201414    0.0651379  -0.00875605
  -0.0015533    0.0199902  -0.00875605      0.13028
x_ =  6.57981
0.744137
 5.06144
0.237543
P_ =   0.00372329 -0.000554902   0.00528497  -0.00198491
-0.000554902   0.00720724   -0.0025077    0.0220165
  0.00528497   -0.0025077    0.0452937   -0.0120287
 -0.00198491    0.0220165   -0.0120287     0.136931
x_ =  6.82553
0.744398
 5.04999
0.202823
P_ =   0.00365141 -0.000472951   0.00673032  -0.00154809
-0.000472951   0.00679789  -0.00199926    0.0204809
  0.00673032  -0.00199926    0.0650908  -0.00864039
 -0.00154809    0.0204809  -0.00864039     0.132469
x_ =  7.06727
0.728248
 4.88032
0.108958
P_ =   0.00373029 -0.000570796   0.00528291  -0.00202654
-0.000570796   0.00763369  -0.00253122    0.0229304
  0.00528291  -0.00253122    0.0452427   -0.0119804
 -0.00202654    0.0229304   -0.0119804     0.140342
x_ =   7.2783
 0.80741
 4.80869
0.328543
P_ =   0.00365564 -0.000476191   0.00672404  -0.00155326
-0.000476191   0.00704959   -0.0019779    0.0208952
  0.00672404   -0.0019779    0.0650446   -0.0085137
 -0.00155326    0.0208952   -0.0085137     0.134327
x_ =  7.57859
0.821934
  5.1564
0.345094
P_ =   0.00373882 -0.000599749   0.00530208   -0.0021248
-0.000599749   0.00799308  -0.00266627    0.0236727
  0.00530208  -0.00266627     0.045334   -0.0124799
  -0.0021248    0.0236727   -0.0124799     0.143037
x_ =  7.83398
0.801166
 5.15804
 0.23415
P_ =  0.00366183 -0.00049346  0.00673577 -0.00161307
-0.00049346  0.00725327 -0.00205126   0.0212086
 0.00673577 -0.00205126   0.0650998 -0.00879555
-0.00161307   0.0212086 -0.00879555    0.135754
x_ =  8.08167
0.816306
 4.97773
0.229285
P_ =   0.00374345 -0.000618236   0.00528978  -0.00214823
-0.000618236   0.00834784   -0.0026068    0.0244674
  0.00528978   -0.0026068    0.0451921   -0.0120201
 -0.00214823    0.0244674   -0.0120201      0.14592
x_ =  8.31683
0.833747
 4.95196
0.247146
P_ =    0.0036636 -0.000495635   0.00672039   -0.0015895
-0.000495635   0.00745286  -0.00196657    0.0215578
  0.00672039  -0.00196657    0.0649889  -0.00837361
  -0.0015895    0.0215578  -0.00837361     0.137254
x_ =  8.58951
 0.92535
 5.22761
0.499056
P_ =   0.00374624 -0.000630256   0.00528151    -0.002155
-0.000630256   0.00865605  -0.00257707    0.0251315
  0.00528151  -0.00257707    0.0451245   -0.0118297
   -0.002155    0.0251315   -0.0118297     0.148225
x_ =  8.83166
0.985896
   5.188
0.601718
P_ =   0.00366466 -0.000495822   0.00671109  -0.00156963
-0.000495822   0.00762078  -0.00191686    0.0218319
  0.00671109  -0.00191686    0.0649385  -0.00819011
 -0.00156963    0.0218319  -0.00819011     0.138412
x_ = 9.12403
1.02305
5.23926
0.61943
P_ =   0.00375708 -0.000683755   0.00533729  -0.00234583
-0.000683755   0.00892703   -0.0029527    0.0256651
  0.00533729   -0.0029527    0.0454658   -0.0133715
 -0.00234583    0.0256651   -0.0133715     0.149869
x_ =  9.36485
 1.05545
 5.20066
0.624573
P_ =   0.00367363 -0.000537765   0.00675208  -0.00171628
-0.000537765   0.00776049  -0.00217691    0.0220183
  0.00675208  -0.00217691    0.0651627   -0.0092043
 -0.00171628    0.0220183   -0.0092043      0.13914
x_ =  9.64555
 1.12864
 5.24955
0.745051
P_ =   0.00376815 -0.000738916   0.00537443  -0.00251504
-0.000738916   0.00917528  -0.00315094    0.0261774
  0.00537443  -0.00315094    0.0456168   -0.0140481
 -0.00251504    0.0261774   -0.0140481     0.151536
x_ = 9.92385
1.26049
5.26327
1.01014
P_ =   0.00368133 -0.000573652   0.00677498   -0.0018161
-0.000573652   0.00788725  -0.00229306    0.0222051
  0.00677498  -0.00229306    0.0652496  -0.00958194
  -0.0018161    0.0222051  -0.00958194      0.13991
x_ =  10.169
1.33982
5.00984
1.06426
P_ =   0.00378854 -0.000830515   0.00547095  -0.00282298
-0.000830515   0.00938922  -0.00364078    0.0265674
  0.00547095  -0.00364078    0.0461383   -0.0159985
 -0.00282298    0.0265674   -0.0159985     0.152601
x_ = 10.3897
1.42134
4.95034
1.14515
P_ =   0.00369725 -0.000642354   0.00684308  -0.00203522
-0.000642354   0.00798957  -0.00262574    0.0223136
  0.00684308  -0.00262574    0.0655834   -0.0108402
 -0.00203522    0.0223136   -0.0108402     0.140302
x_ = 10.6198
1.48935
4.72112
1.14844
P_ =   0.00381256 -0.000927967   0.00556758  -0.00313393
-0.000927967   0.00956197   -0.0040301    0.0268698
  0.00556758   -0.0040301    0.0465964   -0.0175367
 -0.00313393    0.0268698   -0.0175367      0.15345
x_ = 10.8383
1.51695
4.69491
1.06719
P_ =   0.00371489 -0.000710862   0.00690809  -0.00223947
-0.000710862   0.00806916  -0.00287988    0.0223885
  0.00690809  -0.00287988    0.0658709   -0.0118121
 -0.00223947    0.0223885   -0.0118121      0.14062
x_ =   11.11
1.55979
4.88906
1.05311
P_ =  0.00383193 -0.00100282  0.00561991 -0.00334121
-0.00100282  0.00971255 -0.00417935    0.027166
 0.00561991 -0.00417935   0.0467675  -0.0181279
-0.00334121    0.027166  -0.0181279    0.154418
x_ = 11.3929
1.60541
4.96049
1.03098
P_ =    0.0037274 -0.000756748   0.00693816  -0.00235166
-0.000756748   0.00814001  -0.00295925    0.0224817
  0.00693816  -0.00295925    0.0659711   -0.0121557
 -0.00235166    0.0224817   -0.0121557     0.141053
x_ =  11.6246
 1.64644
 4.86486
0.992982
P_ =  0.00384582 -0.00105844  0.00564524 -0.00346967
-0.00105844  0.00986496 -0.00424768   0.0274959
 0.00564524 -0.00424768   0.0468209  -0.0183853
-0.00346967   0.0274959  -0.0183853    0.155501
x_ = 11.8513
1.71739
4.83076
1.05255
P_ =   0.00373535 -0.000787346   0.00694875  -0.00240638
-0.000787346   0.00821337  -0.00298166    0.0225993
  0.00694875  -0.00298166    0.0659961   -0.0122813
 -0.00240638    0.0225993   -0.0122813      0.14154
x_ = 12.1114
1.80218
4.98784
1.15984
P_ =  0.00385712 -0.00110274  0.00567189 -0.00357315
-0.00110274  0.00999564 -0.00433611    0.027762
 0.00567189 -0.00433611   0.0469359  -0.0188058
-0.00357315    0.027762  -0.0188058    0.156309
x_ = 12.3572
1.83337
4.98632
1.08675
P_ =   0.00374221 -0.000812431   0.00696344  -0.00245782
-0.000812431   0.00827487  -0.00302604    0.0226857
  0.00696344  -0.00302604    0.0660705   -0.0125485
 -0.00245782    0.0226857   -0.0125485     0.141878
x_ = 12.6169
1.88332
5.09309
1.08712
P_ =  0.00386748 -0.00114331  0.00570105  -0.0036749
-0.00114331   0.0101161 -0.00444637   0.0280047
 0.00570105 -0.00444637   0.0470753  -0.0192917
 -0.0036749   0.0280047  -0.0192917    0.157022
x_ = 12.8162
2.03595
4.97392
1.35848
P_ =   0.00374867 -0.000836247    0.0069805  -0.00251297
-0.000836247   0.00833082  -0.00308723    0.0227617
   0.0069805  -0.00308723    0.0661594   -0.0128554
 -0.00251297    0.0227617   -0.0128554     0.142162
x_ = 13.0865
2.14393
5.12157
1.48643
P_ =  0.00388543 -0.00120446  0.00578286 -0.00386954
-0.00120446   0.0102097 -0.00475617   0.0281456
 0.00578286 -0.00475617   0.0475243  -0.0205978
-0.00386954   0.0281456  -0.0205978    0.157275
x_ = 13.2925
2.29847
5.01414
1.70763
P_ =   0.00376205 -0.000879879   0.00703704  -0.00265007
-0.000879879    0.0083694  -0.00329273    0.0227765
  0.00703704  -0.00329273    0.0664498   -0.0137134
 -0.00265007    0.0227765   -0.0137134     0.142177
x_ = 13.4672
2.42284
4.60297
1.77321
P_ =  0.00391501 -0.00129493  0.00592004 -0.00417289
-0.00129493   0.0102784 -0.00521927   0.0282023
 0.00592004 -0.00521927   0.0482437  -0.0224842
-0.00417289   0.0282023  -0.0224842     0.15718
x_ = 13.7159
2.54792
4.62877
1.87005
P_ =   0.00378439 -0.000946417   0.00713185  -0.00286565
-0.000946417   0.00839186  -0.00360341    0.0227413
  0.00713185  -0.00360341    0.0669084   -0.0149398
 -0.00286565    0.0227413   -0.0149398     0.141988
x_ = 13.9373
2.64596
 4.5768
1.87702
P_ =  0.00395097  -0.0013945  0.00606571  -0.0045005
 -0.0013945   0.0103295 -0.00561892    0.028233
 0.00606571 -0.00561892   0.0489411  -0.0241521
 -0.0045005    0.028233  -0.0241521    0.157051
x_ = 14.1645
2.81335
4.55633
2.07496
P_ =  0.00381045 -0.00101631  0.00722999 -0.00308606
-0.00101631  0.00840542 -0.00386639   0.0226995
 0.00722999 -0.00386639   0.0673518  -0.0160203
-0.00308606   0.0226995  -0.0160203    0.141795
x_ = 14.4182
 2.9209
4.73461
2.11031
P_ =  0.00399259 -0.00150091  0.00622476 -0.00483998
-0.00150091   0.0103685 -0.00601552   0.0282409
 0.00622476 -0.00601552   0.0496819   -0.025803
-0.00483998   0.0282409   -0.025803    0.156843
x_ = 14.6277
2.99126
4.69341
2.01889
P_ =  0.00383999 -0.00108976  0.00733521 -0.00330904
-0.00108976  0.00841234 -0.00412516   0.0226476
 0.00733521 -0.00412516   0.0678199  -0.0170859
-0.00330904   0.0226476  -0.0170859    0.141556
x_ = 14.8611
3.14012
4.73383
  2.161
P_ =  0.00402834 -0.00158963  0.00632882 -0.00509718
-0.00158963   0.0104134 -0.00622697   0.0283128
 0.00632882 -0.00622697   0.0500786  -0.0266847
-0.00509718   0.0283128  -0.0266847    0.156993
x_ = 15.0723
3.34864
4.66141
2.43221
P_ =  0.00386309 -0.00114578  0.00739711 -0.00345701
-0.00114578  0.00842587 -0.00425122   0.0226446
 0.00739711 -0.00425122   0.0680612  -0.0176314
-0.00345701   0.0226446  -0.0176314    0.141543
x_ = 15.2851
3.49304
4.45605
2.45789
P_ =  0.00407557  -0.0016962  0.00651801 -0.00542664
 -0.0016962   0.0104327 -0.00667334   0.0282534
 0.00651801 -0.00667334   0.0510367  -0.0285787
-0.00542664   0.0282534  -0.0285787    0.156427
x_ =  15.499
3.69496
4.41816
2.66927
P_ =    0.003897 -0.00122053  0.00752451 -0.00368077
-0.00122053  0.00842086  -0.0045474   0.0225535
 0.00752451  -0.0045474   0.0686779  -0.0188814
-0.00368077   0.0225535  -0.0188814    0.141081
x_ = 15.7139
3.80616
4.36383
2.59744
P_ =  0.00413095 -0.00181039  0.00673211 -0.00578501
-0.00181039    0.010438 -0.00711315   0.0281613
 0.00673211 -0.00711315   0.0520724  -0.0304581
-0.00578501   0.0281613  -0.0304581    0.155769
x_ = 15.9362
3.95766
4.36534
2.65428
P_ =  0.00393644 -0.00129966  0.00766766 -0.00392034
-0.00129966  0.00840779 -0.00483719   0.0224462
 0.00766766 -0.00483719   0.0693426   -0.020118
-0.00392034   0.0224462   -0.020118     0.14057
x_ = 16.1372
4.08475
4.15481
2.59411
P_ =  0.00418254  -0.0019114  0.00689681 -0.00608845
 -0.0019114   0.0104481 -0.00739198   0.0281317
 0.00689681 -0.00739198   0.0527707  -0.0316823
-0.00608845   0.0281317  -0.0316823    0.155485
x_ = 16.3286
4.30136
4.09872
2.82598
P_ =  0.00397089 -0.00136525  0.00777108 -0.00410565
-0.00136525   0.0084007 -0.00501202   0.0223869
 0.00777108 -0.00501202   0.0697836  -0.0209088
-0.00410565   0.0223869  -0.0209088      0.1403
x_ = 16.5445
 4.4446
4.12721
  2.832
P_ =  0.00423739 -0.00201037  0.00708781 -0.00639048
-0.00201037   0.0104465 -0.00771319   0.0280504
 0.00708781 -0.00771319   0.0536714  -0.0331479
-0.00639048   0.0280504  -0.0331479    0.154907
x_ = 16.7191
4.62807
4.05538
2.94653
P_ =  0.00400874 -0.00143132  0.00789663 -0.00430112
-0.00143132  0.00838617 -0.00522061   0.0222949
 0.00789663 -0.00522061   0.0703704  -0.0218873
-0.00430112   0.0222949  -0.0218873    0.139842
x_ = 16.8813
4.76893
3.68626
2.84892
P_ =  0.00429397 -0.00210651  0.00728222 -0.00668516
-0.00210651   0.0104384 -0.00802381   0.0279553
 0.00728222 -0.00802381   0.0545772  -0.0345491
-0.00668516   0.0279553  -0.0345491      0.1543
x_ = 17.0331
5.02747
3.58906
 3.1585
P_ =  0.00404755 -0.00149541  0.00802339 -0.00449112
-0.00149541  0.00836835 -0.00542176   0.0221977
 0.00802339 -0.00542176    0.070957  -0.0228183
-0.00449112   0.0221977  -0.0228183    0.139375
x_ = 17.2122
5.16199
3.55492
3.08337
P_ =  0.00435883 -0.00220658  0.00752321 -0.00700442
-0.00220658   0.0104135 -0.00838438   0.0277924
 0.00752321 -0.00838438   0.0557563  -0.0362208
-0.00700442   0.0277924  -0.0362208     0.15335
x_ = 17.3633
5.36735
3.48835
3.22131
P_ =  0.00409361 -0.00156398  0.00818652 -0.00470765
-0.00156398  0.00833975 -0.00566061   0.0220578
 0.00818652 -0.00566061   0.0717351  -0.0239507
-0.00470765   0.0220578  -0.0239507    0.138691
x_ = 17.5304
5.49384
3.40289
3.10373
P_ =  0.00442487 -0.00230286  0.00774862 -0.00731114
-0.00230286   0.0103864   -0.008687   0.0276483
 0.00774862   -0.008687   0.0567888  -0.0376221
-0.00731114   0.0276483  -0.0376221    0.152568
x_ = 17.7179
5.63393
3.44059
3.06159
P_ =  0.00413915 -0.00162834  0.00833446  -0.0049075
-0.00162834  0.00831131 -0.00585737   0.0219353
 0.00833446 -0.00585737   0.0724073  -0.0248872
 -0.0049075   0.0219353  -0.0248872    0.138123
x_ = 17.8737
5.78812
3.27789
3.02362
P_ =  0.00448043 -0.00238167  0.00790219 -0.00755552
-0.00238167   0.0103719 -0.00884929   0.0275873
 0.00790219 -0.00884929   0.0574121  -0.0384675
-0.00755552   0.0275873  -0.0384675    0.152223
x_ = 18.0368
6.01767
 3.2501
 3.2278
P_ =  0.00417508 -0.00167763   0.0084287 -0.00505361
-0.00167763  0.00829376 -0.00595656   0.0218723
  0.0084287 -0.00595656   0.0728139  -0.0254494
-0.00505361   0.0218723  -0.0254494    0.137831
x_ =  18.196
6.19867
3.22087
3.27455
P_ =  0.00454025 -0.00246105  0.00810729 -0.00780606
-0.00246105   0.0103466 -0.00910591   0.0274521
 0.00810729 -0.00910591   0.0584136  -0.0397127
-0.00780606   0.0274521  -0.0397127    0.151419
x_ = 18.3077
6.48307
3.08597
3.59626
P_ =  0.00421637 -0.00173055   0.0085654 -0.00521978
-0.00173055  0.00826762  -0.0061245   0.0217566
  0.0085654  -0.0061245   0.0734822  -0.0262987
-0.00521978   0.0217566  -0.0262987    0.137238
x_ = 18.4484
6.66747
 2.9677
3.57708
P_ =  0.00461631 -0.00255424  0.00840668 -0.00810817
-0.00255424   0.0102967 -0.00949288   0.0271969
 0.00840668 -0.00949288   0.0599249  -0.0414407
-0.00810817   0.0271969  -0.0414407    0.150035
x_ = 18.5933
6.81918
2.97087
3.50767
P_ =  0.00427137 -0.00179613  0.00877072 -0.00543279
-0.00179613  0.00822353 -0.00638288   0.0215609
 0.00877072 -0.00638288   0.0744799  -0.0274693
-0.00543279   0.0215609  -0.0274693    0.136288
x_ = 18.7503
7.00538
3.01706
3.54722
P_ =  0.00468914 -0.00263999  0.00864372 -0.00838799
-0.00263999   0.0102545 -0.00973581   0.0270278
 0.00864372 -0.00973581   0.0609711  -0.0425984
-0.00838799   0.0270278  -0.0425984      0.1492
x_ = 18.9478
7.16299
3.11321
3.48729
P_ =  0.00432081 -0.00185253  0.00892445 -0.00561223
-0.00185253  0.00818764 -0.00653885   0.0214297
 0.00892445 -0.00653885    0.075162  -0.0282403
-0.00561223   0.0214297  -0.0282403    0.135694
x_ = 19.0493
7.32042
2.79088
3.36616
P_ =   0.0047561 -0.00271748  0.00884501 -0.00863269
-0.00271748   0.0102191 -0.00993313   0.0268959
 0.00884501 -0.00993313    0.061842  -0.0435471
-0.00863269   0.0268959  -0.0435471    0.148539
x_ = 19.1228
7.64132
2.60788
3.77123
P_ =  0.00436486 -0.00190229  0.00905086 -0.00576354
-0.00190229  0.00815707 -0.00666319   0.0213242
 0.00905086 -0.00666319   0.0757274  -0.0288676
-0.00576354   0.0213242  -0.0288676    0.135207
x_ = 19.2524
7.82383
2.59126
3.74835
P_ =  0.00483619 -0.00280016  0.00914478 -0.00889826
-0.00280016   0.0101618  -0.0102385   0.0266391
 0.00914478  -0.0102385   0.0633456  -0.0449972
-0.00889826   0.0266391  -0.0449972    0.147142
x_ = 19.3226
8.07525
2.45267
3.92449
P_ =  0.00442208 -0.00195903   0.0092569 -0.00594814
-0.00195903  0.00811005   -0.006866   0.0211315
  0.0092569   -0.006866   0.0767378  -0.0298648
-0.00594814   0.0211315  -0.0298648    0.134238
x_ = 19.4274
8.26672
2.42066
3.91678
P_ =  0.00492446 -0.00288547  0.00946348 -0.00917735
-0.00288547   0.0100948  -0.0105372   0.0263618
 0.00946348  -0.0105372   0.0648628  -0.0463855
-0.00917735   0.0263618  -0.0463855    0.145744
x_ = 19.5222
8.42506
2.38457
3.82742
P_ =  0.00448436  -0.0020172  0.00947189 -0.00613811
 -0.0020172  0.00805739 -0.00706289   0.0209295
 0.00947189 -0.00706289   0.0777411  -0.0308065
-0.00613811   0.0209295  -0.0308065    0.133284
x_ = 19.6257
8.59888
2.24338
3.73312
P_ =   0.0050073 -0.00296245  0.00972286 -0.00943161
-0.00296245   0.0100354  -0.0107383   0.0261545
 0.00972286  -0.0107383   0.0659983  -0.0473951
-0.00943161   0.0261545  -0.0473951    0.144765
x_ = 19.7819
8.79851
2.32375
3.75567
P_ =  0.00454018 -0.00206732  0.00963958 -0.00630017
-0.00206732  0.00801225 -0.00719203   0.0207795
 0.00963958 -0.00719203   0.0784881  -0.0314854
-0.00630017   0.0207795  -0.0314854    0.132602
x_ = 19.8686
8.98612
2.11294
3.69186
P_ =  0.00508326 -0.00303072  0.00994892 -0.00965466
-0.00303072  0.00998404  -0.0108996   0.0259834
 0.00994892  -0.0108996   0.0669964  -0.0482536
-0.00965466   0.0259834  -0.0482536    0.143924
x_ = 19.9845
9.25586
2.09897
3.90451
P_ =  0.00459051 -0.00211091  0.00978429 -0.00643971
-0.00211091  0.00797304 -0.00729456   0.0206532
 0.00978429 -0.00729456   0.0791528  -0.0320668
-0.00643971   0.0206532  -0.0320668    0.131997
x_ = 20.0452
9.43917
1.81529
3.78831
P_ =  0.00516495 -0.00309885   0.0102295  -0.0098742
-0.00309885  0.00992351   -0.011118   0.0257457
  0.0102295   -0.011118   0.0683613   -0.049332
 -0.0098742   0.0257457   -0.049332    0.142669
x_ = 20.1135
9.72524
1.73215
4.03705
P_ =  0.00464722 -0.00215623  0.00997324 -0.00658709
-0.00215623  0.00792612 -0.00743736   0.0204784
 0.00997324 -0.00743736   0.0800722  -0.0328078
-0.00658709   0.0204784  -0.0328078    0.131119
x_ = 20.1762
9.96944
1.68033
4.15815
P_ =  0.00525608 -0.00316824   0.0105572  -0.0101028
-0.00316824  0.00985128  -0.0113554   0.0254564
  0.0105572  -0.0113554   0.0699584   -0.050498
 -0.0101028   0.0254564   -0.050498    0.141165
x_ = 20.2119
10.2885
1.53931
4.44887
P_ =  0.00471179 -0.00220305   0.0101974 -0.00674459
-0.00220305  0.00787111 -0.00759335   0.0202695
  0.0101974 -0.00759335   0.0811491  -0.0336119
-0.00674459   0.0202695  -0.0336119    0.130082
x_ = 20.2393
10.4936
1.23798
4.30695
P_ =  0.00536874 -0.00324695   0.0109905  -0.0103561
-0.00324695  0.00975257  -0.0116771   0.0250435
  0.0109905  -0.0116771   0.0720908  -0.0519306
 -0.0103561   0.0250435  -0.0519306     0.13908
x_ = 20.2858
10.8065
1.16579
4.55357
P_ =  0.00479336   -0.002258   0.0104959 -0.00692563
  -0.002258  0.00779665 -0.00780646   0.0199775
  0.0104959 -0.00780646   0.0825678  -0.0345916
-0.00692563   0.0199775  -0.0345916    0.128683
x_ = 20.3134
11.0589
1.03426
 4.5918
P_ =   0.0054915 -0.00332606   0.0114269  -0.0106195
-0.00332606  0.00964756  -0.0119417   0.0246463
  0.0114269  -0.0119417   0.0741235  -0.0531875
 -0.0106195   0.0246463  -0.0531875    0.137155
x_ =  20.3484
  11.314
0.989681
 4.65957
P_ =  0.00488018 -0.00231128   0.0107914 -0.00710476
-0.00231128  0.00771977  -0.0079791   0.0197005
  0.0107914  -0.0079791   0.0839178   -0.035447
-0.00710476   0.0197005   -0.035447    0.127385
x_ =  20.3129
 11.5208
0.483462
 4.41883
P_ =  0.00561937 -0.00340268   0.0118606  -0.0108741
-0.00340268  0.00953838  -0.0121775   0.0242527
  0.0118606  -0.0121775   0.0761066  -0.0543294
 -0.0108741   0.0242527  -0.0543294    0.135279
x_ =  20.3772
 11.7807
0.547467
 4.50231
P_ =  0.00496916  -0.0023621   0.0110808 -0.00727383
 -0.0023621  0.00764097 -0.00813229   0.0194281
  0.0110808 -0.00813229   0.0852312  -0.0362225
-0.00727383   0.0194281  -0.0362225    0.126117
x_ =  20.3994
 12.0108
0.624561
 4.57079
P_ =   0.0057426 -0.00346994   0.0122492  -0.0111073
-0.00346994  0.00943745  -0.0123362    0.023919
  0.0122492  -0.0123362   0.0778501  -0.0552508
 -0.0111073    0.023919  -0.0552508    0.133671
x_ =  20.3797
  12.337
0.477788
  4.8248
P_ =  0.00505349 -0.00240497   0.0113386 -0.00742354
-0.00240497  0.00756971 -0.00823357   0.0191976
  0.0113386 -0.00823357   0.0864071  -0.0368568
-0.00742354   0.0191976  -0.0368568    0.125004
x_ =   20.3474
  12.5363
0.0707808
  4.54211
P_ =  0.00587701 -0.00353678    0.012716  -0.0113192
-0.00353678  0.00931917  -0.0125648   0.0234776
   0.012716  -0.0125648   0.0800784  -0.0563249
 -0.0113192   0.0234776  -0.0563249    0.131491
x_ =   20.3706
  12.7903
0.0988997
  4.60094
P_ =  0.00514788 -0.00244963   0.0116538 -0.00756823
-0.00244963   0.0074844 -0.00838309   0.0188921
  0.0116538 -0.00838309   0.0878964  -0.0375971
-0.00756823   0.0188921  -0.0375971    0.123531
x_ =    20.3717
   12.9898
-0.0233106
   4.44267
P_ =  0.00600522 -0.00359513   0.0131185  -0.0115237
-0.00359513  0.00921171  -0.0126996    0.023124
  0.0131185  -0.0126996   0.0818954  -0.0571292
 -0.0115237    0.023124  -0.0571292    0.129797
x_ =   20.3343
  13.2172
-0.100462
  4.46726
P_ =  0.00523543 -0.00248655   0.0119204 -0.00769919
-0.00248655  0.00740931 -0.00846898     0.01865
  0.0119204 -0.00846898   0.0891226  -0.0381523
-0.00769919     0.01865  -0.0381523    0.122363
x_ =   20.3031
    13.43
-0.221983
  4.40177
P_ = 0.00612674 -0.0036455  0.0134926 -0.0117037
-0.0036455 0.00910979 -0.0128108  0.0227918
 0.0134926 -0.0128108  0.0836021 -0.0578302
-0.0117037  0.0227918 -0.0578302   0.128189
x_ =   20.2729
  13.7246
-0.295338
  4.58664
P_ =  0.00531798  -0.0025182   0.0121678 -0.00781437
 -0.0025182  0.00733847 -0.00854006   0.0184227
  0.0121678 -0.00854006   0.0902807  -0.0386402
-0.00781437   0.0184227  -0.0386402     0.12125
x_ =   20.2319
  13.9196
-0.523264
  4.37903
P_ =  0.00625436 -0.00369273   0.0139226  -0.0118589
-0.00369273  0.00899827  -0.0129555   0.0223904
  0.0139226  -0.0129555   0.0856695  -0.0585841
 -0.0118589   0.0223904  -0.0585841     0.12618
x_ =    20.163
  14.2122
-0.646031
   4.5687
P_ =  0.00540698 -0.00254885   0.0124588  -0.0079195
-0.00254885  0.00725943 -0.00863353   0.0181456
  0.0124588 -0.00863353   0.0916817  -0.0391674
 -0.0079195   0.0181456  -0.0391674    0.119876
x_ =   20.0981
  14.4195
-0.825905
  4.44071
P_ =  0.00638749 -0.00373583   0.0143741  -0.0120041
-0.00373583   0.0088816  -0.0130811   0.0219734
  0.0143741  -0.0130811   0.0878207  -0.0592719
 -0.0120041   0.0219734  -0.0592719    0.124105
x_ =  19.9743
  14.715
-1.03329
 4.64333
P_ =   0.0055002 -0.00257643   0.0127656 -0.00801766
-0.00257643  0.00717733  -0.0087134    0.017859
  0.0127656  -0.0087134   0.0931414  -0.0396495
-0.00801766    0.017859  -0.0396495    0.118459
x_ =  19.9109
 14.9131
-1.11163
 4.51279
P_ =   0.0065318 -0.00377506   0.0148788  -0.0121317
-0.00377506   0.0087529  -0.0132061   0.0215013
  0.0148788  -0.0132061   0.0902427  -0.0599313
 -0.0121317   0.0215013  -0.0599313    0.121747
x_ =  19.8888
 15.1406
-1.04118
 4.50502
P_ =  0.00560248 -0.00260155   0.0131116  -0.0081064
-0.00260155  0.00708677 -0.00879223   0.0175352
  0.0131116 -0.00879223   0.0947837   -0.040115
 -0.0081064   0.0175352   -0.040115    0.116857
x_ =  19.7849
 15.3089
-1.56637
 4.03844
P_ = 0.00667123 -0.0038107  0.0153204 -0.0122676
-0.0038107 0.00863088 -0.0132877   0.021093
 0.0153204 -0.0132877  0.0922291 -0.0604449
-0.0122676   0.021093 -0.0604449   0.119845
x_ =  19.7538
 15.5002
-1.46037
 3.99643
P_ =  0.00569765 -0.00262376   0.0134026 -0.00819397
-0.00262376   0.0070026   -0.008844   0.0172601
  0.0134026   -0.008844   0.0961103  -0.0404697
-0.00819397   0.0172601  -0.0404697    0.115568
x_ =   19.675
  15.677
-1.52227
  3.8952
P_ =  0.00679487 -0.00383757   0.0156763  -0.0123941
-0.00383757  0.00852798  -0.0132993   0.0207889
  0.0156763  -0.0132993   0.0938077  -0.0607908
 -0.0123941   0.0207889  -0.0607908    0.118393
x_ =  19.5508
 15.9289
-1.65175
 4.04545
P_ =   0.0057803 -0.00263889   0.0136361 -0.00827028
-0.00263889  0.00693399 -0.00884895   0.0170566
  0.0136361 -0.00884895   0.0971977  -0.0407119
-0.00827028   0.0170566  -0.0407119    0.114547
x_ =  19.4529
 16.1202
-1.70422
 4.00518
P_ =  0.00692276 -0.00385958   0.0161005  -0.0124727
-0.00385958  0.00841592  -0.0133552   0.0203933
  0.0161005  -0.0133552    0.095864  -0.0611569
 -0.0124727   0.0203933  -0.0611569    0.116385
x_ =  19.3396
 16.3209
-1.76529
 4.01692
P_ =  0.00586933 -0.00265202   0.0139246 -0.00832334
-0.00265202  0.00685623 -0.00888266   0.0167856
  0.0139246 -0.00888266   0.0986058  -0.0409751
-0.00832334   0.0167856  -0.0409751    0.113165
x_ =  19.2329
 16.4939
-1.95239
 3.81845
P_ = 0.00705404 -0.0038782  0.0165406 -0.0125388
-0.0038782 0.00829799 -0.0134067  0.0199737
 0.0165406 -0.0134067  0.0979645  -0.061467
-0.0125388  0.0199737  -0.061467   0.114324
x_ =   19.082
 16.7468
-2.09701
 3.98056
P_ =  0.00596072 -0.00266323    0.014222 -0.00836876
-0.00266323  0.00677439 -0.00891393   0.0165003
   0.014222 -0.00891393    0.100029  -0.0411982
-0.00836876   0.0165003  -0.0411982    0.111765
x_ =   18.939
 16.9188
-2.50097
  3.6279
P_ =  0.00719347 -0.00389221   0.0170214  -0.0125826
-0.00389221    0.008172  -0.0134451   0.0195202
  0.0170214  -0.0134451    0.100272  -0.0617037
 -0.0125826   0.0195202  -0.0617037    0.112071
x_ =  18.7267
  17.208
-2.74209
 3.90585
P_ =   0.0060588 -0.00267102   0.0145501 -0.00839951
-0.00267102  0.00668707 -0.00893486   0.0161923
  0.0145501 -0.00893486    0.101595  -0.0413717
-0.00839951   0.0161923  -0.0413717    0.110237
x_ =  18.6069
 17.4116
-2.59602
 4.02575
P_ =  0.00734855 -0.00389869   0.0175772  -0.0125908
-0.00389869   0.0080331  -0.0134611   0.0190071
  0.0175772  -0.0134611     0.10297  -0.0618343
 -0.0125908   0.0190071  -0.0618343    0.109451
x_ =  18.3814
 17.6399
-2.82102
 4.12358
P_ =  0.00616994 -0.00267291   0.0149357 -0.00840712
-0.00267291  0.00659102  -0.0089374   0.0158434
  0.0149357  -0.0089374    0.103436  -0.0414769
-0.00840712   0.0158434  -0.0414769    0.108457
x_ =  18.231
17.8266
-2.8831
4.03277
P_ =  0.00751795 -0.00390054   0.0181765  -0.0125794
-0.00390054  0.00787753  -0.0134778   0.0184283
  0.0181765  -0.0134778    0.105802  -0.0618889
 -0.0125794   0.0184283  -0.0618889    0.106641
x_ =   18.119
 18.0188
-2.80665
 3.99927
P_ =  0.00629006 -0.00267237   0.0153432 -0.00840323
-0.00267237    0.006483 -0.00894323    0.015453
  0.0153432 -0.00894323    0.105329  -0.0415327
-0.00840323    0.015453  -0.0415327    0.106582
x_ =  17.9481
  18.157
-3.10216
 3.60645
P_ =  0.00768312 -0.00390027   0.0187057  -0.0125925
-0.00390027  0.00772769   -0.013457   0.0179229
  0.0187057   -0.013457     0.10817   -0.061881
 -0.0125925   0.0179229   -0.061881     0.10433
x_ =   17.838
 18.2906
-2.97906
 3.48582
P_ =  0.00640272  -0.0026704   0.0156902 -0.00840967
 -0.0026704  0.00638113 -0.00892833   0.0151181
  0.0156902 -0.00892833    0.106895  -0.0415368
-0.00840967   0.0151181  -0.0415368    0.105041
x_ =  17.7106
 18.4556
-3.01229
 3.36224
P_ =  0.00782876 -0.00389627   0.0191265  -0.0126214
-0.00389627  0.00759843   -0.013393   0.0175367
  0.0191265   -0.013393    0.110011  -0.0618157
 -0.0126214   0.0175367  -0.0618157    0.102576
x_ =  17.4998
 18.6669
-3.16848
 3.48095
P_ =  0.00649915 -0.00266569   0.0159606 -0.00842176
-0.00266569  0.00629597 -0.00888694   0.0148668
  0.0159606 -0.00888694    0.108132  -0.0414956
-0.00842176   0.0148668  -0.0414956    0.103847
x_ =  17.3251
 18.7917
-3.35216
 3.18878
P_ = 0.00797459 -0.0038852  0.0196016  -0.012579
-0.0038852   0.007465 -0.0133425  0.0170826
 0.0196016 -0.0133425   0.112293 -0.0616135
 -0.012579  0.0170826 -0.0616135   0.100325
x_ =  17.1706
 18.9311
-3.31315
 3.13987
P_ =  0.00659933 -0.00265623    0.016279 -0.00839139
-0.00265623  0.00620531  -0.0088505   0.0145628
   0.016279  -0.0088505    0.109682  -0.0413696
-0.00839139   0.0145628  -0.0413696    0.102317
x_ =  17.0005
 19.0947
-3.40899
 3.06081
P_ =  0.00811177 -0.00387003   0.0200318  -0.0125425
-0.00387003  0.00733957  -0.0132672   0.0166746
  0.0200318  -0.0132672    0.114306  -0.0613776
 -0.0125425   0.0166746  -0.0613776   0.0983563
x_ =  16.7767
 19.2247
-3.52136
 3.03184
P_ =  0.00669246 -0.00264427   0.0165641  -0.0083642
-0.00264427  0.00612131 -0.00879973   0.0142928
  0.0165641 -0.00879973    0.111048    -0.04122
 -0.0083642   0.0142928    -0.04122    0.100979
x_ =   16.581
 19.3749
-3.70517
  2.8699
P_ =  0.00825106 -0.00384791   0.0204987  -0.0124587
-0.00384791  0.00720962  -0.0131849   0.0162241
  0.0204987  -0.0131849    0.116566  -0.0610108
 -0.0124587   0.0162241  -0.0610108     0.09612
x_ =  16.3354
 19.5637
-3.86498
 2.99104
P_ =  0.00678914 -0.00262754     0.01688 -0.00830792
-0.00262754  0.00603309 -0.00874194   0.0139917
    0.01688 -0.00874194    0.112585  -0.0409861
-0.00830792   0.0139917  -0.0409861   0.0994659
x_ =  16.1148
 19.6332
-4.05893
 2.61922
P_ =  0.00840184 -0.00381616   0.0210338  -0.0123173
-0.00381616  0.00706797  -0.0130805   0.0157086
  0.0210338  -0.0130805    0.119184  -0.0604583
 -0.0123173   0.0157086  -0.0604583   0.0935282
x_ =  15.9034
 19.7907
-4.09032
 2.67906
P_ =  0.00689588 -0.00260371   0.0172467 -0.00821467
-0.00260371   0.0059361 -0.00866615   0.0136458
  0.0172467 -0.00866615    0.114359  -0.0406315
-0.00821467   0.0136458  -0.0406315   0.0977233
x_ =  15.7071
 19.9068
-4.05918
 2.64218
P_ =  0.0085524 -0.0037791  0.0215374 -0.0121903
-0.0037791 0.00692834 -0.0129445  0.0152297
 0.0215374 -0.0129445   0.121539 -0.0598848
-0.0121903  0.0152297 -0.0598848    0.09122
x_ =  15.4655
 20.0846
-4.16976
 2.75354
P_ =  0.00700034 -0.00257664    0.017585 -0.00812941
-0.00257664  0.00584228  -0.0085734   0.0133295
   0.017585  -0.0085734    0.115944  -0.0402618
-0.00812941   0.0133295  -0.0402618   0.0961761
x_ =  15.2333
 20.2319
-4.33411
 2.64126
P_ = 0.00870833 -0.0037349  0.0220701 -0.0120194
-0.0037349 0.00678086 -0.0127991  0.0147065
 0.0220701 -0.0127991   0.124065 -0.0591614
-0.0120194  0.0147065 -0.0591614  0.0886994
x_ =  15.0666
  20.362
-4.21462
 2.61836
P_ =  0.00710889 -0.00254491   0.0179429  -0.0080167
-0.00254491  0.00574188 -0.00847451   0.0129816
  0.0179429 -0.00847451    0.117635   -0.039796
 -0.0080167   0.0129816   -0.039796   0.0944946
x_ =  14.8289
 20.4388
-4.40451
 2.30245
P_ =  0.00886223 -0.00368723   0.0225754  -0.0118536
-0.00368723  0.00663524  -0.0126352   0.0142109
  0.0225754  -0.0126352    0.126413  -0.0584049
 -0.0118536   0.0142109  -0.0584049    0.086369
x_ =  14.6211
 20.5612
-4.37794
 2.31299
P_ =   0.0072142  -0.0025112   0.0182771  -0.0079061
 -0.0025112  0.00564345 -0.00836596   0.0126543
  0.0182771 -0.00836596    0.119199  -0.0393051
 -0.0079061   0.0126543  -0.0393051   0.0929403
x_ =  14.3724
 20.6489
-4.58741
  2.0436
P_ =  0.00900981 -0.00363497   0.0230509  -0.0116786
-0.00363497  0.00649505  -0.0124504   0.0137483
  0.0230509  -0.0124504    0.128628  -0.0575816
 -0.0116786   0.0137483  -0.0575816   0.0841786
x_ =  14.1309
  20.722
-4.60438
 1.98793
P_ =   0.0073147 -0.00247445   0.0185915 -0.00778828
-0.00247445  0.00554963 -0.00824428   0.0123508
  0.0185915 -0.00824428    0.120686   -0.038767
-0.00778828   0.0123508   -0.038767   0.0914736
x_ =  13.8842
 20.7924
-4.75758
 1.73919
P_ =  0.00915288 -0.00357588   0.0235198  -0.0114709
-0.00357588  0.00635781  -0.0122449   0.0132914
  0.0235198  -0.0122449    0.130856  -0.0566316
 -0.0114709   0.0132914  -0.0566316   0.0819657
x_ =  13.6044
 20.8612
-4.85133
  1.7171
P_ =    0.007413 -0.00243292    0.018905 -0.00764913
-0.00243292  0.00545796 -0.00810779   0.0120509
   0.018905 -0.00810779    0.122192  -0.0381453
-0.00764913   0.0120509  -0.0381453   0.0899883
x_ =  13.3497
 20.8901
-5.02745
 1.32662
P_ =  0.00929536 -0.00350782   0.0240008  -0.0112175
-0.00350782  0.00621947  -0.0120145   0.0128184
  0.0240008  -0.0120145    0.133175  -0.0555139
 -0.0112175   0.0128184  -0.0555139   0.0796469
x_ =  13.1148
 20.9252
-4.97496
 1.25739
P_ =  0.00751212 -0.00238511   0.0192301 -0.00748066
-0.00238511  0.00536524  -0.0079537   0.0117396
  0.0192301  -0.0079537    0.123762  -0.0374164
-0.00748066   0.0117396  -0.0374164   0.0884351
x_ =  12.8714
 20.9833
-5.02326
 1.13777
P_ =   0.0094299 -0.00343724    0.024435  -0.0109869
-0.00343724  0.00608876  -0.0117729   0.0123906
   0.024435  -0.0117729    0.135217  -0.0544504
 -0.0109869   0.0123906  -0.0544504   0.0776104
x_ =  12.7037
 21.0184
-4.81064
 1.06516
P_ =  0.00760438 -0.00233649   0.0195196 -0.00732798
-0.00233649  0.00527868  -0.0077968   0.0114607
  0.0195196  -0.0077968    0.125142  -0.0367236
-0.00732798   0.0114607  -0.0367236   0.0870709
x_ =  12.4326
  21.061
-4.97878
0.884894
P_ =  0.00955342 -0.00336931    0.024818  -0.0107842
-0.00336931  0.00596621  -0.0115459   0.0119972
   0.024818  -0.0115459       0.137  -0.0534726
 -0.0107842   0.0119972  -0.0534726    0.075799
x_ =  12.1909
 21.1041
 -4.9606
0.880048
P_ =  0.00768756 -0.00229083   0.0197706 -0.00719507
-0.00229083  0.00519698 -0.00765363    0.011203
  0.0197706 -0.00765363    0.126342  -0.0360858
-0.00719507    0.011203  -0.0360858   0.0858548
x_ =  11.9425
 21.1216
-5.05771
0.629725
P_ =  0.00967541 -0.00329312   0.0252307  -0.0105021
-0.00329312  0.00584115  -0.0112949   0.0115712
  0.0252307  -0.0112949    0.139031  -0.0522012
 -0.0105021   0.0115712  -0.0522012   0.0737307
x_ =  11.7155
 21.0885
-4.96919
0.492499
P_ =  0.00777236 -0.00223839   0.0200502 -0.00700886
-0.00223839  0.00511243 -0.00748787   0.0109212
  0.0200502 -0.00748787    0.127724  -0.0352518
-0.00700886   0.0109212  -0.0352518   0.0844673
x_ =  11.4552
  21.072
-5.06529
0.255876
P_ = 0.00978917 -0.0032159  0.0256007  -0.010246
-0.0032159 0.00572272 -0.0110363   0.011187
 0.0256007 -0.0110363   0.140802 -0.0510138
 -0.010246   0.011187 -0.0510138  0.0719259
x_ =  11.2597
 21.0655
-4.91482
0.199372
P_ =  0.00785053 -0.00218614   0.0202981 -0.00684073
-0.00218614  0.00503326 -0.00732145   0.0106696
  0.0202981 -0.00732145    0.128927  -0.0344759
-0.00684073   0.0106696  -0.0344759   0.0832582
x_ =     10.987
   21.0247
  -5.04648
-0.0587911
P_ =  0.00989414 -0.00313875   0.0259385 -0.00999759
-0.00313875  0.00561062  -0.0107795   0.0108284
  0.0259385  -0.0107795    0.142425  -0.0498449
-0.00999759   0.0108284  -0.0498449   0.0702539
x_ =   10.7985
  20.9861
 -4.87443
-0.148941
P_ =  0.00792251 -0.00213441   0.0205245 -0.00667823
-0.00213441  0.00495823 -0.00715762   0.0104345
  0.0205245 -0.00715762    0.130033  -0.0337106
-0.00667823   0.0104345  -0.0337106   0.0821351
x_ =   10.5246
  20.9865
 -4.95203
-0.120045
P_ =  0.00998955 -0.00306171   0.0262461 -0.00975154
-0.00306171  0.00550509  -0.0105233   0.0104948
  0.0262461  -0.0105233    0.143924  -0.0486772
-0.00975154   0.0104948  -0.0486772   0.0686955
x_ =   10.2246
  21.0383
 -5.10416
0.0091943
P_ =  0.00798827 -0.00208301   0.0207324 -0.00651752
-0.00208301  0.00488762 -0.00699444   0.0102159
  0.0207324 -0.00699444    0.131062   -0.032944
-0.00651752   0.0102159   -0.032944   0.0810858
x_ =   9.96328
  21.0214
 -5.19849
-0.211183
P_ =    0.010096 -0.00296355    0.026653 -0.00932137
-0.00296355   0.0053843  -0.0102004   0.0100531
   0.026653  -0.0102004     0.14603  -0.0468256
-0.00932137   0.0100531  -0.0468256   0.0664883
x_ =   9.81118
  20.9779
  -4.9154
-0.306092
P_ =  0.00806637 -0.00201421   0.0210197 -0.00623361
-0.00201421  0.00480399 -0.00677393  0.00991961
  0.0210197 -0.00677393    0.132508  -0.0317334
-0.00623361  0.00991961  -0.0317334   0.0796114
x_ =   9.56101
  20.9657
 -4.93304
-0.310742
P_ =   0.0101959  -0.0028713   0.0269805  -0.0090242
